0.99991
0.86007
-0.53657
-0.75099
-0.95892
0.98663
-0.28790
-0.13235
-0.76825
-0.83177
0.03540
0.73319
0.29637
-0.99976
0.74511
-0.99178
0.14112
-0.40404
-0.27942
0.99287
-0.77947
0.00000
0.82683
0.65699
0.01770
-0.75680
0.92003
0.85090
0.43616
-0.57338
-0.11478
0.39593
0.76256
-0.50637
-0.98803
-0.91652
-0.92346
-0.64354
-0.82182
-0.73918
0.65029
0.95638
0.37961
-0.99999
0.27091
0.67023
0.96836
0.99061
-0.00885
-0.52155
0.31323
-0.15862
0.42017
-0.26237
0.89400
0.98359
-0.42818
0.14988
0.63674
-0.99389
-0.98515
-0.89793
0.68326
-0.54402
0.51398
-0.24525
-0.62989
-0.94828
0.90930
0.10599
-0.99921
0.99952
-0.30481
-0.44411
-0.96140
0.83666
0.91295
0.84147
-0.38778
-0.96612
-0.66363
0.55143
-0.85552
-0.55879
-0.67677
-0.90558
0.98936
0.56611
0.16736
0.90179
-0.02655
-0.17608
0.52908
-0.84622
0.77389
0.12357
0.95105
0.25382
0.96380
0.41212
-0.95375
