0.6657660469
0.6678526840
0.7663948888
0.3115274019
0.6654899220
0.1743149263
0.0829944248
0.7091063541
0.3206730714
0.0804728904
0.8260315710
0.4738080363
0.4639863591
0.0701722822
0.3096833567
0.2632215513
0.4659340878
0.1345804020
0.1834157212
0.4239751526
0.3220556264
0.8357899647
0.6860384247
0.7085208757
0.6265120402
0.3124204871
0.6349470660
0.2395768648
0.6838818291
0.0579075876
0.0399393741
0.2742214262
0.1119349254
0.1481427145
0.4654296651
0.2141582451
0.6088657739
0.7410279814
0.0763456394
0.2658157341
0.8375426402
0.4602706176
0.7830968603
0.8241104791
0.7953228586
0.1899978926
0.4421551153
0.7079702221
0.1938450182
0.2368283261
0.7063723079
0.4978778011
0.0217182923
0.6867729156
0.6665044195
0.3492494542
0.1789705425
0.1967186062
0.3338547411
0.4986147813
0.3941933827
0.8301518569
0.0950562649
0.6182152333
0.8304918002
0.7663434968
0.4661729721
0.0172591430
0.0210684410
0.4191782282
0.4391209429
0.3101967650
0.1560397400
0.0655130460
0.2672132888
0.1904985779
0.0247374763
0.6309444854
0.7366477760
0.3754108442
0.4594980761
0.3214023125
0.4892765172
0.5111566532
0.7060891152
0.7590287433
0.1475097460
0.3032581822
0.4530735047
0.4271333658
0.3942577137
0.4269706050
0.7415716323
0.4918210435
0.6963936414
0.3720438818
0.8306867102
0.7802903920
0.8390256719
0.1038026781
0.3324970161
0.7976929913
0.0722170799
0.3202846966
0.4639509250
0.8320815097
0.7269844365
0.4564934128
0.2957590315
0.2938096818
0.1538169077
0.3498678177
0.7814647971
0.6072621208
0.3194604059
0.2038804490
0.7173142872
0.2243051898
0.5928473851
0.5321432569
0.7681457001
0.7202759234
0.3251969586
0.6683660874
0.8200165875
0.5143932811
0.5147877017
0.7923796140
0.5628584327
0.0165492445
0.1680882460
0.0158993301
0.6759035395
0.0381907102
0.1335002383
0.6267847959
0.5432220355
0.5129432803
0.8214847909
0.3629296536
0.4742747026
0.7500184677
0.3859708587
0.4287060067
0.2553599714
0.5069735234
0.6624690156
0.0865316470
0.1593379511
0.0943793221
0.7483758491
0.1250716025
0.4571694733
0.6507790186
0.3610559705
0.2709983105
0.3749473680
0.0433963674
0.1952084652
0.2244221305
0.0660917890
0.5255487555
0.6779865121
0.5590254715
0.8331227870
0.2899551747
0.4384020601
0.6860602514
0.4868763161
0.0395696666
0.7252379922
0.2197712680
0.0003900000
0.5285571589
0.6959629200
0.2191956545
0.1377605008
0.2315201511
0.6605041301
0.4027689342
0.8010755801
0.7945220003
0.5246977294
0.8022293144
0.6088102433
0.2829707086
0.6175704982
0.5812467493
0.5006937201
0.8197646786
0.4309993692
0.8338300571
0.6153343066
0.5630898455
0.0485209411
0.5774321538
0.0467629399
0.5821008425
0.5297535789
0.8001708368
0.7143186392
0.3112138067
0.0750792848
0.1767367337
0.7931780710
0.4908804048
0.7290411238
0.7486676176
0.3812980320
0.1191363582
0.4500934628
0.0507282178
0.2037335973
0.8058976100
0.4292299321
0.4353526861
0.4003328097
0.5376015022
0.7770088024
0.6413143155
0.6944606187
0.5788192645
0.7350497132
0.7647543560
0.7100857599
0.5082831189
0.7981510893
0.2998257542
0.7908704285
0.0300254867
0.2050844593
0.2082056048
0.1854502101
0.6595199863
0.0178390537
0.7464092798
0.0745009092
0.4816881035
0.1526706092
0.2125364645
0.5440865239
0.6490994503
0.7363569089
0.1562471642
0.6962644513
0.8116317491
0.2415375471
0.6109183072
0.4925696604
0.0896793569
0.6116226725
0.7224090617
0.4530735047
0.1803969428
0.7865919014
0.6687453551
0.2540738407
0.8079825384
0.6911940302
0.8222538532
0.1253791622
0.3116129220
0.1745315539
0.4744243598
0.7261393024
0.2183564879
0.0602235366
0.1172695383
0.7626045278
0.3049824488
0.0728753408
0.4856704631
0.5694609975
0.6028433072
0.0324642948
0.5861753361
0.2836899753
0.3566596990
0.3331382501
0.4213106431
0.0712894770
0.6170276556
0.7066058568
0.2708154155
0.7991981563
0.2931213837
0.7459432559
0.3853434621
0.6744872736
0.0107897906
0.6513027581
0.3874187247
0.0040799887
0.7509305086
0.5215358449
0.4286156601
0.4016428088
0.3921613709
0.3947447282
0.6783980474
0.1602954834
0.8285875002
0.4175796688
0.2272764247
0.6025640195
0.5301691096
0.2428376544
0.0066799503
0.8337914135
0.7867956247
0.3967651112
0.7760069320
0.6753506069
0.5915258721
0.1459369538
0.0423073687
0.1735763599
0.8318262812
0.5051795478
0.1887803340
0.5881747010
0.7512144031
0.5118440796
0.6590162080
0.7988915079
0.8349709538
0.5224143943
0.5507896210
0.3985909855
0.8384212132
0.1917157236
0.5501384311
0.6285286130
0.8013269060
0.0075999268
0.1755062733
0.6335786486
0.3872158964
0.0525358034
0.3468119990
0.8380340357
0.4803555066
0.7097124791
0.0337835703
0.7163102242
0.8161404211
0.7573073094
0.3045919564
0.7110567624
0.0933040880
0.4659606322
0.0427070072
0.4859851227
0.2973920973
0.5006677512
0.6640855019
0.8070210590
0.4696462090
0.5499547016
0.3422965387
0.0861630289
0.3121829913
0.1883973321
0.7374925460
0.3334305263
0.6560099765
0.4358567634
0.3575750772
0.4196230508
0.4489768846
0.7019630264
0.4545616324
0.6307582685
0.2072274157
0.1375128801
0.1257363133
0.1773961470
0.1651203154
0.5237524760
0.7852067891
0.5628584327
0.0513973438
0.7114925692
0.0678877453
0.3964162729
0.1828553612
0.5963288298
0.3766524972
0.8408436681
0.0889821555
0.7582208491
0.1806034935
0.0008499999
0.0874979677
0.0186589171
0.1785277899
0.1473218218
0.8314375522
0.6071826676
0.7916164598
0.8171619430
0.6775674096
0.6936038856
0.2754425213
0.7601409407
0.8221172405
0.5475303285
0.6752399748
0.3246673457
0.6503005512
0.1359873476
0.3427005316
0.4110813881
0.5660612147
0.6321617572
0.2964944960
0.3815198895
0.2371392105
0.7966303642
0.0083799019
0.7809466500
0.7658807479
0.7264692416
0.0735834345
0.2077458818
0.4970710460
0.6795213356
0.6810312235
0.8118828669
0.5030290784
0.4170616760
0.6406081482
0.7279930319
0.3739088414
0.7661892913
0.6448522843
0.6742436023
0.6587980630
0.6956828168
0.6716991469
0.4220088438
0.2847829551
0.5311268888
0.1648145627
0.7774932791
0.0884144021
0.8282178124
0.4258670836
0.6755939441
0.3168153630
0.2581047806
0.6741549764
0.4491466497
0.5360659904
0.7124545915
0.1363439946
0.4521907244
0.8307423800
0.0594349518
0.3925844818
0.5771953623
0.4369994320
0.0918901890
0.6278594842
0.7902948146
0.3235037316
0.4459004450
0.0360122115
0.8081533743
0.7028669711
0.2322983410
0.2178880456
0.7255133335
0.3033725290
0.1702466817
0.3646156461
0.5791698570
0.1743740074
0.7070373658
0.4776430594
0.4511825649
0.0357523790
0.0562702625
0.3789857124
0.0374112677
0.0564200242
0.3810206792
0.8235322928
0.1100267864
0.8028259292
0.3214212513
0.7777510592
0.1228786524
0.6761540771
0.4779417401
0.3499708635
0.4339837886
0.7754452801
0.3296756521
0.1037131638
0.3743539818
0.5400697643
0.7389765417
0.5940064234
0.5396909805
0.4463837245
0.6550660240
0.7690860742
0.7499192468
0.8048602803
0.0073399341
0.7797334616
0.8312763879
0.1848016183
0.5486009655
0.0723866349
0.3423904962
0.7535068525
0.0448949050
0.6431845636
0.2485471034
0.6382323817
0.4466253155
0.4645177809
0.8064183062
0.2158087288
0.5385118435
0.6238740547
0.8018171824
0.7154094897
0.3176214626
0.3236835089
0.2287661184
0.0352327066
0.6884574090
0.3763931031
0.7991260224
0.2122042202
0.8079943224
0.2619671732
0.5508313525
0.3994712453
0.5516740342
0.7265791841
0.3301099006
0.8089477500
0.6729649734
0.4174978895
0.8121046600
0.7834512160
0.5610883211
0.1627626526
0.8062349503
0.2588969097
0.5559870433
0.2294474993
0.0515471449
0.8001348490
0.1733399980
0.7418466281
0.4562175756
0.2381979779
0.2591094025
0.2957494789
0.3023623144
0.3587888245
0.6965084580
0.3958010764
0.4850496999
0.5414492946
0.4499059267
0.3745023427
0.8022114036
0.7647801283
0.6389326751
0.4721604341
0.6604290446
0.8380067538
0.2845145381
0.4010199744
0.2283475003
0.5597549074
0.3545006679
0.8183131242
0.6569755217
0.3547063716
0.0741219598
0.0887231838
0.5080247390
0.3463711314
0.2510356328
0.8338576571
0.1815082885
0.4954215011
0.4608564513
0.1741376793
0.7707388789
0.4023203881
0.6563797263
0.6609920251
0.1439382838
0.7285344165
0.6387326453
0.7954986191
0.6760803977
0.5472290501
0.4379256457
0.4729888473
0.5359646855
0.4354337078
0.6958982902
0.5090235543
0.5827592759
0.3381119791
0.0528653448
0.3946896001
0.8410006034
0.2283475003
0.2704303413
0.5626352427
0.0377610204
0.7972465057
0.2759808159
0.0954245830
0.2267602628
0.7668122672
0.5225167136
0.3412157819
0.6120577122
0.4704052903
0.4928481225
0.6930562143
0.5071372870
0.4868937855
0.4125303097
0.3998195799
0.2816468422
0.2816564373
0.8089653860
0.8266285481
0.3841619970
0.6901960888
0.5225934481
0.4623644916
0.7009509760
0.0119597149
0.7417728610
0.7273825735
0.5913807311
0.7348598407
0.8204055889
0.6781041153
0.5042299267
0.2501837152
0.6558514641
0.4195595109
0.1393945807
0.2622759844
0.3350233385
0.4419218963
0.3131898391
0.4970276599
0.5379218790
0.4347764306
0.3369918239
0.0794860619
0.0546028308
0.5375087471
0.1991593392
0.1727391999
0.3486684286
0.7322568785
0.8113570998
0.2622373845
0.6375700801
0.4249892412
0.0526456511
0.6954169800
0.6289329769
0.7039402646
0.2977930684
0.4462942381
0.1845264339
0.1687979582
0.7294790352
0.7036632100
0.6528721148
0.7981631383
0.3016854712
0.3699730387
0.1598710289
0.0737629453
0.5778566238
0.6314021140
0.0068399467
0.1818819633
0.7808529516
0.7733827510
0.0205185600
0.6401857239
0.4907410022
0.4885961080
0.0868305178
0.8098521264
0.5471453491
0.2007662168
0.5811328218
0.4382942035
0.5859403580
0.5768523369
0.2967141461
0.5333111328
0.3888103573
0.1375921196
0.7148922519
0.0294257518
0.0359122762
0.4389053075
0.5861267240
0.4217096455
0.7077159290
0.5037376102
0.0777315083
0.7408063545
0.4154432130
0.5176482661
0.0280663140
0.3315631800
0.7498994005
0.1814591188
0.4606256923
0.1634335473
0.1145480071
0.8040762064
0.7536777614
0.4023478529
0.3859431832
0.5155590790
0.5614690294
0.4215464271
0.7213571993
0.6185845892
0.1688669533
0.6333852092
0.4683390701
0.4051747820
0.7855967505
0.6546276823
0.7398046718
0.5416846787
0.5976044325
0.4554610229
0.0088698837
0.3830538018
0.6423495564
0.6735047563
0.2805144149
0.4425228229
0.7422220308
0.5052399576
0.8077998456
0.6561760061
0.0046999827
0.8313041798
0.4014779589
0.8136364856
0.6705129692
0.7088665786
0.7905153450
0.0429967408
0.6183488459
0.6343365489
0.6073892333
0.7825741883
0.8131129196
0.5218941552
0.6864457537
0.1758016089
0.6262548002
0.4544458356
0.2192444382
0.0630082345
0.7332707978
0.4259394651
0.4072125263
0.8322035134
0.6637639481
0.8342328104
0.6377010376
0.5915016833
0.7677613968
0.8400308054
0.6376471161
0.1033153126
0.6371154377
0.2430316629
0.3947263523
0.4434193588
0.7467286276
0.4351276075
0.3236362002
0.3953785999
0.2919260610
0.8226690923
0.6720990940
0.4743099173
0.6411761950
0.6177356529
0.7531911944
0.8153943110
0.1819507953
0.6997160753
0.6964510519
0.8189161843
0.2085088011
0.1720792329
0.8204170244
0.5896779277
0.7694438749
0.7334339615
0.3300910217
0.1284540925
0.0139795446
0.7655076891
0.4467684651
0.1595353928
0.3783193244
0.4286789032
0.8310762247
0.1772386824
0.0826057640
0.2703629488
0.2832680248
0.4284620612
0.6622817226
0.6426484082
0.5700855669
0.5015504429
0.6384094289
0.6141669991
0.7501705738
0.2478690087
0.1368888378
0.7570982919
0.2659603347
0.0459538108
0.0836321998
0.3871144753
0.0419676707
0.6065468236
0.7190956141
0.3527234232
0.6531826218
0.5717111873
0.0285161338
0.2176245248
0.7350158117
0.0962009945
0.1238710125
0.2933603933
0.5329134919
0.7447832707
0.6264107113
0.0892212009
0.7880531025
0.8210911364
0.5790638752
0.7257472823
0.5818975451
0.4830108313
0.6408845391
0.7311662960
0.2567616292
0.5205286714
0.6790296337
0.5717604136
0.4237487209
0.2334070046
0.2815316979
0.6574955645
0.0446651357
0.2957208208
0.1542812974
0.6940575726
0.4836674062
0.7128614682
0.4902617100
0.1316368318
0.6861257276
0.2605289186
0.1458281306
0.6679345522
0.4627545904
0.5197343713
0.6534400322
0.3531818873
0.6769788243
0.0049699795
0.6208684068
0.6200763363
0.6574578907
0.1119349254
0.2872647505
0.0988383627
0.1675756219
0.7286508575
0.0055899709
0.3115559089
0.3639823744
0.4971231077
0.1194838581
0.4839999670
0.2323469729
0.4790832450
0.6394556260
0.6858928979
0.2821169722
0.2961124584
0.7756914728
0.6370229409
0.7124265222
0.1852241949
0.4112090079
0.7481901028
0.5562613060
0.8070151537
0.1948455700
0.7293216951
0.5666958065
0.2698333908
0.4117558585
0.3351740878
0.3646808263
0.2695445066
0.5442375403
0.4866404613
0.2128296009
0.2362259187
0.1936978612
0.3133702746
0.7662985247
0.2811094679
0.5460483606
0.2233695484
0.3694527169
0.7704520829
0.7338688581
0.4369634532
0.5214078546
0.5609144800
0.7635287647
0.4751636412
0.5872280800
0.5445814563
0.0848080074
0.6246318403
0.3142058285
0.5416342428
0.4346773688
0.2193907863
0.7920806051
0.3223017629
0.8138341057
0.1467580174
0.2931022621
0.6697855875
0.8319317230
0.5827511494
0.8264822057
0.7661314528
0.3985451286
0.1219953485
0.7253756774
0.2061707389
0.2849075696
0.5239569098
0.0514173173
0.0040799887
0.2718260288
0.7231277954
0.3556879025
0.6051545619
0.1740392063
0.0442755215
0.6115672905
0.5795936863
0.8113570998
0.2795928300
0.4799783204
0.5351201772
0.5211433042
0.0371414553
0.7577707902
0.6367531062
0.5735721455
0.7815833334
0.3612144978
0.7499126314
0.8264709462
0.6645339763
0.6679940877
0.0487107165
0.3089416076
0.3609533885
0.0982711377
0.0365818359
0.5448582003
0.5751193232
0.4781174089
0.8235663275
0.6078340045
0.1435424376
0.3488933576
0.2866612472
0.5584034515
0.5489269967
0.4157433647
0.7017208333
0.5354749359
0.8021875214
0.4438316164
0.8318373817
0.5719819063
0.7999188619
0.6976556438
0.0514872246
0.4853557405
0.7917936218
0.3054395455
0.0611218785
0.7171888606
0.6032820388
0.4858889834
0.5765010387
0.6939567771
0.4378267518
0.6483231951
0.5446401646
0.8248461404
0.2094573828
0.4629052864
0.1757720760
0.3199057424
0.5869933230
0.6092226852
0.3728698458
0.0387203181
0.1316665707
0.3043252492
0.0318446154
0.6770818580
0.5139644396
0.7641161027
0.4583963814
0.3508044417
0.8183993309
0.7611536382
0.5589425537
0.8005964733
0.4489768846
0.5130806213
0.4078426294
0.5033661053
0.2406446848
0.3546409223
0.7049055657
0.0779608104
0.0080799121
0.3257737423
0.4110813881
0.2307418130
0.7906990421
0.2144903444
0.3008654293
0.1054137898
0.1994533204
0.2469873041
0.2221119563
0.1547851710
0.0898885087
0.4181883641
0.7090217368
0.7927942501
0.4619476962
0.5621804698
0.0749596229
0.5629328202
0.0672292532
0.6414984438
0.8082417110
0.7838612045
0.5205713629
0.7834325720
0.0727357123
0.3677701710
0.7980968649
0.5484922699
0.7475262444
0.7710064144
0.3056490246
0.1497050952
0.3510385429
0.7485018578
0.7405308876
0.7761456726
0.6289718491
0.3996912528
0.0512874889
0.5660035079
0.5258209729
0.0077999209
0.2936471807
0.1667770210
0.6173738501
0.3126104696
0.7443493643
0.0193787869
0.0238977247
0.6303391477
0.2925763732
0.1033252591
0.4072855917
0.5465592887
0.0725661616
0.0044799850
0.6223958593
0.5314996459
0.6831518945
0.6518413546
0.6481480640
0.5184522952
0.3103108434
0.1161075311
0.5219368051
0.1980224436
0.8302633478
0.0489903822
0.1026986107
0.5094366569
0.4324065137
0.7572289370
0.0292258379
0.1694583062
0.1001717123
0.8400470812
0.0618904206
0.6931643390
0.5285232026
0.3132943031
0.7483692163
0.7248523195
0.1967676290
0.6389403677
0.0456840943
0.2916008542
0.0278663922
0.0976043587
0.5703813007
0.6018854419
0.1626738521
0.3486309385
0.0923681476
0.5382758894
0.8377119753
0.5396825618
0.6466771351
0.3966182389
0.8138689701
0.2100929200
0.3672307575
0.6657585853
0.7370872001
0.1092117281
0.0344931565
0.0512974757
0.5222950124
0.4985194277
0.7521772872
0.5793084338
0.8280496533
0.7755841725
0.4994986819
0.4684274227
0.0958426580
0.4338216158
0.1883089430
0.1520479643
0.6903842073
0.1956301747
0.7312004051
0.6775821187
0.5661354051
0.5177594889
0.0042899868
0.6225523874
0.6426943767
0.2829898911
0.0548125163
0.2552922915
0.1565434726
0.6888562071
0.0197187219
0.3881469077
0.7029594369
0.3317990279
0.3680584275
0.1718920640
0.0310550062
0.5437172984
0.0283362066
0.0390300838
0.6976341504
0.0127696529
0.6332072100
0.6997446516
0.2165800455
0.4901832663
0.0721771842
0.4351906323
0.2547508077
0.1368888378
0.0640860516
0.1917844247
0.6292672264
0.3517407149
0.1391965305
0.7671266922
0.5496372880
0.0963901115
0.6979278380
0.5327611727
0.3232293122
0.1907930756
0.7668636145
0.7623521924
0.8298283456
0.6228106042
0.6243584802
0.7416923775
0.0697832383
0.5110878925
0.7934824667
0.0059599647
0.2210295461
0.3279474086
0.6098410392
0.7270668297
0.4106164194
0.2002665747
0.0533346817
0.6977129562
0.0356724300
0.4657482655
0.1114778044
0.0987687052
0.6775012154
0.3523678212
0.2706325106
0.7911702055
0.0024599975
0.8244615067
0.2851088599
0.3401909957
0.2825678496
0.6803059581
0.0929556092
0.6528266655
0.2554759911
0.0746205751
0.3603564609
0.2728940657
0.1000921144
0.7990538771
0.1700693067
0.0392299306
0.5168266579
0.1776323354
0.7905704616
0.6837140047
0.3993520650
0.1317656994
0.5281835928
0.1962185461
0.3049729252
0.3124869824
0.2302260827
0.4516287243
0.5085758941
0.3155061494
0.6423725485
0.6278049998
0.3745394315
0.1194143593
0.8043496034
0.7053948157
0.3878888452
0.2257180060
0.4313602756
0.4535102722
0.2766823914
0.4375210463
0.5390931216
0.7171121996
0.5637425223
0.3239768046
0.1492304873
0.3851312140
0.4694078211
0.8384539130
0.5105634851
0.5820439229
0.6604365535
0.1552494896
0.1120144223
0.7186854914
0.8384866099
0.7917203215
0.2663844619
0.5040831126
0.2267115649
0.7358831133
0.4439749883
0.5211262347
0.6829985214
0.4437599262
0.1759197387
0.2689666653
0.1507036367
0.1490623887
0.5375256121
0.6740589540
0.4225345960
0.4572850888
0.4341549557
0.4519409687
0.1105137982
0.4355507328
0.4195504336
0.2898498985
0.8294151846
0.3165782313
0.8340949312
0.1859611649
0.4127671412
0.5988544989
0.3645970229
0.0407087478
0.3810391704
0.4637560244
0.7900680516
0.3208625029
0.5411970502
0.3099876096
0.7696673778
0.0510078553
0.8245463852
0.3744188909
0.3761151482
0.0376910702
0.4241381671
0.6069601664
0.6185924463
0.7082526624
0.5079902849
0.8150468207
0.5031673551
0.2340876128
0.0219982254
0.4210385492
0.5189481698
0.7913842157
0.6059344570
0.0957331638
0.4223805109
0.7730212799
0.8090770641
0.8269604255
0.3250456510
0.0897291553
0.6741032734
0.2217999381
0.4706700042
0.3109001775
0.6903118596
0.4894334924
0.5094710768
0.4745916076
0.7459432559
0.3815476202
0.7279656080
0.2780370716
0.7089935288
0.6226384672
0.8259357430
0.1056226174
0.8342052387
0.3057823218
0.7542624101
0.0703019612
0.2042132958
