0.5063872723
0.7318004251
0.2905102092
0.3560804051
0.1068357142
0.5927185272
0.5921304202
0.1045187616
0.0832933861
0.4478774869
0.7022122581
0.0665208427
0.0491002498
0.6442176872
0.6335631749
0.8109301616
0.2346222959
0.4885088545
0.8175882613
0.4167162722
0.1013755526
0.7803466764
0.4268259170
0.8200680947
0.3349102710
0.5837259104
0.2669916451
0.6915986166
0.3662260032
0.7000946202
0.8045693862
0.6608644488
0.2415084352
0.4661375840
0.5947703925
0.2325123172
0.6926596236
0.8086125267
0.1971499896
0.1895364329
0.0609721583
0.6939855772
0.0280463218
0.4192327017
0.4794957437
0.1831896182
0.5543818102
0.7322841191
0.3717654005
0.3389964691
0.4968107107
0.5051277661
0.4404052455
0.3855649165
0.2332027999
0.2411202564
0.6667802093
0.2553406344
0.3096738483
0.6069919552
0.3152119679
0.4689839359
0.6516972553
0.4780998429
0.1302290564
0.7834387867
0.5075595401
0.0304452947
0.0856050980
0.1323307081
0.7851944043
0.5677582007
0.4777660523
0.2342820512
0.7472472009
0.5173231032
0.0979725854
0.2504644822
0.7918546967
0.5789986508
0.8076052809
0.1991985378
0.3816492963
0.7279107565
0.3121164890
0.8214619811
0.5276315466
0.2832104819
0.2012560112
0.6870708754
0.1420776076
0.3695363479
0.8131187406
0.6762940493
0.5417183015
0.7457767302
0.0126996586
0.6383016650
0.0574683203
0.0983407986
0.5193071424
0.7827920354
0.5051968080
0.4187696290
0.0672192759
0.7687408237
0.7539011808
0.5212713187
0.5147534086
0.6405083199
0.5280647094
0.0094298602
0.8335207944
0.0769638151
0.0143395085
0.1857646498
0.6925586397
0.7609071260
0.7267509321
0.7991200108
0.4662791320
0.5719080800
0.2539674488
0.6199508017
0.8376081988
0.7756977839
0.6957402825
0.3785970100
0.2583463018
0.7602318994
0.4062441643
0.5352891217
0.4344972428
0.2338931650
0.7727357306
0.7440821886
0.1665502378
0.6136539049
0.1598414147
0.4539023787
0.3582753899
0.0062999583
0.3251875021
0.8243256627
0.3430481027
0.1582716564
0.0533446675
0.1709955376
0.1047574441
0.6312237425
0.6324251650
0.2932934725
0.8223790399
0.1885937470
0.2211855861
0.1931386248
0.1204269984
0.6954600951
0.7469281327
0.1583605213
0.1046778839
0.2298465417
0.6247723956
0.2910842800
0.5868556839
0.0380608047
0.7594322528
0.2297005550
0.5748247809
0.2899456043
0.2043797103
0.4477433676
0.6697484589
0.1631375736
0.5602105847
0.0060199636
0.3830260899
0.4726716320
0.7126019366
0.3124204871
0.2697274694
0.4125303097
0.3601978772
0.5361081986
0.3364080245
0.7028171769
0.6300208035
0.8182498943
0.2405185031
0.3377355097
0.5962726365
0.6740146321
0.0350728055
0.3670540262
0.5016110006
0.6580002340
0.2810134989
0.2233500537
0.0051399774
0.8271122055
0.3350044943
0.0384605118
0.0451146821
0.3224153570
0.6092464749
0.5216211652
0.5564856578
0.0276964578
0.4801274512
0.7708408132
0.2139042702
0.8345084123
0.2876287132
0.0378709417
0.2514228038
0.7574248477
0.4098138693
0.0998433667
0.5666134110
0.1393846783
0.6525993839
0.4752252329
0.7401477146
0.5394552376
0.2828843859
0.7622033249
0.4967933534
0.4421371764
0.7115839134
0.7935068098
0.1953163478
0.0037499912
0.7208306430
0.6819533232
0.1134055013
0.4187696290
0.7630119014
0.8411033847
0.2134255857
0.0980422484
0.6679196677
0.5071717612
0.4146698868
0.5524328001
0.7996187078
0.5904368473
0.0611318598
0.6906012091
0.8015422157
0.5163471664
0.4921692827
0.5330827151
0.8382467630
0.0154293877
0.1416519566
0.5854702541
0.4196412047
0.4198136582
0.2612143337
0.7965155011
0.6514393347
0.1770320032
0.7868079688
0.4346143267
0.1845264339
0.0824662417
0.3398242309
0.0588160365
0.2371489252
0.2182393820
0.5287099520
0.6558816592
0.7400468397
0.8058206360
0.1085954156
0.3151550261
0.7797146779
0.7514321814
0.2486439641
0.3792540632
0.2262927404
0.6097855610
0.0623495322
0.7614065232
0.1302786304
0.1300902474
0.3648763561
0.0601037540
0.6605491783
0.1754373594
0.3387800790
0.0626689064
0.0992363962
0.1640550440
0.7926540465
0.0405588717
0.0048499810
0.4977303619
0.5219197453
0.7418466281
0.3692761528
0.5407765347
0.7105432848
0.2938861500
0.6859074518
0.4371343464
0.0357124045
0.4800309564
0.0819978335
0.6572619608
0.1193945024
0.7696609933
0.2366242951
0.6901526702
0.8210112168
0.1427110860
0.8047831232
0.1603843190
0.1202681613
0.5858755278
0.2826445885
0.5621887399
0.6346920880
0.6869691460
0.8281225314
0.7433000164
0.4518160776
0.6944462279
0.2795160196
0.3172326667
0.1441559894
0.7316709233
0.5643205496
0.2653047642
0.7758113702
0.7618601289
0.3185505632
0.0458339372
0.2265167680
0.5384444323
0.4368555125
0.6000471119
0.1114976798
0.6744503584
0.8082240451
0.5732772125
0.8014106499
0.7581556456
0.1241587738
0.6605341625
0.8337306797
0.7548792555
0.8344312647
0.7840660707
0.0586063987
0.4468400357
0.4741162271
0.3016091976
0.1200696106
0.7229274579
0.3078952318
0.5195549510
0.3242511499
0.8292699121
0.3090747559
0.4059425999
0.1881026958
0.1500115945
0.5646424734
0.3875201317
0.0727855798
0.1142102385
0.0393997992
0.8046881418
0.6038082758
0.3884325843
0.5350272486
0.0085998940
0.3815106459
0.1683248264
0.4959512871
0.2607316607
0.5450929669
0.5718998768
0.4211564612
0.0938516746
0.7213710504
0.6663627623
0.6625064693
0.7676652778
0.2538126915
0.0697932139
0.6592418170
0.3708090270
0.6559646902
0.6727060461
0.7682737397
0.7822129734
0.3939911871
0.2014519149
0.7467419300
0.2863450810
0.3992237094
0.8001468452
0.1776716991
0.2798040493
0.3584714413
0.6125478987
0.6519475180
0.0752188889
0.7552529752
0.4368285264
0.5928071186
0.1980028396
0.7139406319
0.1989045410
0.6970464235
0.7164846473
0.5598957712
0.5123508467
0.5857458561
0.8114038613
0.7968418787
0.1638281559
0.5178364841
0.2668181750
0.3214591285
0.8150584085
0.5918644601
0.7349683464
0.6665491484
0.0248574394
0.3315914829
0.6847204084
0.6324096725
0.1059308783
0.6543252493
0.2445445952
0.7760006247
0.7271011571
0.3008463559
0.7841157224
0.0239777018
0.4593914913
0.4768433776
0.1737536248
0.4748732492
0.5227128044
0.4920735247
0.1789213495
0.7626692105
0.5934351069
0.7803529299
0.3138355562
0.6599859055
0.8045099963
0.2359635516
0.5641967099
0.2885001392
0.7090710982
0.5912920243
0.0020299986
0.5338524118
0.6452649161
0.4360367579
0.6015979132
0.4155432686
0.7511483935
0.7311117178
0.4512539580
0.0599540245
0.7023759921
0.5940707783
0.7005015150
0.7453768784
0.4213559884
0.7258023169
0.8232996432
0.5289221361
0.5417435181
0.1474108392
0.3638519740
0.3073814200
0.0991269386
0.2553696398
0.8185716891
0.7260842963
0.3036012096
0.4867540254
0.6028991559
0.7421617139
0.2706517642
0.1166537937
0.8237137769
0.5059905579
0.4187242238
0.4212562274
0.0500990189
0.3173559492
0.3458832739
0.0398294617
0.3131803421
0.6227480124
0.3197920462
0.3390811386
0.4270339025
0.1922554924
0.6423495564
0.1561088822
0.6178457409
0.6927678055
0.4110540400
0.4358117621
0.3999387337
0.6771554454
0.0840108625
0.3087799193
0.8407462245
0.7448099624
0.1330443418
0.6504676644
0.4998105228
0.6509080847
0.7269775699
0.8331725616
0.2584139248
0.0932841753
0.1920297780
0.8216672226
0.6049873659
0.8374333491
0.3506171449
0.0693143764
0.1032357404
0.2691785517
0.6947627603
0.8364920629
0.1096192665
0.6452954740
0.5407092396
0.3546222222
0.3861092310
0.0902072087
0.2178002071
0.4597733894
0.3629948799
0.5894194532
0.2706132569
0.6438734430
0.6039118976
0.7177322079
0.1280177252
0.5961200972
0.7024685210
0.7270805609
0.2735674296
0.3701216808
0.0113697550
0.3594514613
0.7962130925
0.6579701128
0.7813150267
0.3859708587
0.5036166653
0.1050358993
0.4998105228
0.2310142481
0.4874003110
0.3557252864
0.7092050614
0.6303934885
0.6515683044
0.2864504732
0.2960264935
0.1187292682
0.6089371660
0.0829744938
0.3073623882
0.2622180843
0.0441356584
0.5671076992
0.1590022857
0.6389634451
0.4257404094
0.7222292561
0.0352526942
0.4003786277
0.5140587958
0.3432077818
0.5506894597
0.7710509904
0.1269068607
0.2305666666
0.5773015162
0.6698375647
0.2675987224
0.2647069312
0.6533264781
0.6461812020
0.7365869081
0.0434263392
0.7597639531
0.3913517103
0.6323167118
0.4787320988
0.6211427389
0.3841989273
0.2175073993
0.7821444375
0.5073872066
0.7490122480
0.0046899828
0.7688175654
0.4159889097
0.2222679568
0.6529630062
0.7039047507
0.4951608830
0.6620719053
0.7709427278
0.4982420010
0.7438082099
0.5369689518
0.2627005559
0.8371216855
0.7132610961
0.5227213295
0.5049033574
0.1677925068
0.0368416607
0.7275541088
0.7534542549
0.3621934054
0.5024671970
0.2339417778
0.2456595170
0.5842210917
0.8303469441
0.7654047310
0.6144510626
0.3944323165
0.0825559348
0.3281552338
0.2156232021
0.4869287235
0.1353532651
0.6211975962
0.3982791387
0.6488559919
0.6616221219
0.6247411628
0.4882732458
0.1545282993
0.3311291658
0.1876803542
0.5170321046
0.6649224606
0.5735393788
0.7340386580
0.6010306143
0.1555162102
0.7219248586
0.4115097941
0.7421617139
0.6890953859
0.0305052668
0.1661459503
0.7365057416
0.5096173524
0.6303080944
0.4926566852
0.6685966434
0.7729895599
0.5665557307
0.6093257700
0.4298530346
0.5024412589
0.5925977090
0.7223122494
0.4260751730
0.3601512330
0.1247640307
0.0954644004
0.7745099373
0.1351551029
0.2251139632
0.3370483138
0.4697168358
0.2592929089
0.7483493175
0.6178771923
0.0532148521
0.0000600000
0.0085798947
0.7426507773
0.3654069987
0.5118698517
0.3021049413
0.7925869779
0.0039199900
0.1965519252
0.7680048210
0.0645051826
0.7791947173
0.5380398930
0.5426929866
0.2267213045
0.5220221009
0.0635970512
0.1763823893
0.8356746459
0.4574006965
0.2052899911
0.3456299263
0.0419776619
0.7858379989
0.1615193255
0.7281506971
0.4714638919
0.0901076159
0.5349934548
0.2665675918
0.4792763426
0.0923581903
0.1309924603
0.2607606229
0.4130859087
0.4250526040
0.0629084329
0.0397994854
0.7447765976
0.0562502941
0.8017932790
0.6980352554
0.5813769382
0.3508699923
0.7885699345
0.5039190090
0.3055252433
0.6792718534
0.1417212504
0.6224271669
0.6857036721
0.6554286229
0.0538040068
0.4761576218
0.7470610987
0.3215727570
0.5836690724
0.7129386074
0.5398256717
0.1821474532
0.5390762766
0.1184711033
0.8215589140
0.7319094587
0.4345692953
0.5245530027
0.3400499384
0.4148427740
0.4874701638
0.5719737036
0.5266543036
0.5407681230
0.7633608377
0.6421196040
0.5438515744
0.7410145517
0.4616638623
0.4084816660
0.4817319200
0.8349819595
0.0613215033
0.0112897602
0.3329968146
0.3665516649
0.2183174530
0.6846110799
0.6237490028
0.4493521332
0.5669100084
0.1661558113
0.5679475206
0.1497545316
0.2044090770
0.7730783710
0.0975645496
0.3079618304
0.7276570081
0.2909599069
0.7744403508
0.8315819848
0.2469097818
0.7783855205
0.3939728048
0.7184838140
0.6407924180
0.6113932134
0.8290686730
0.0593750578
