0.53099
0.82096
0.29476
0.36407
0.10704
0.63443
0.63370
0.10471
0.08339
0.46439
0.77850
0.06657
0.04912
0.70000
0.68615
0.94574
0.23683
0.51038
0.95721
0.42983
0.10155
0.89522
0.44098
0.96153
0.34151
0.62331
0.27027
0.76370
0.37495
0.77553
0.93495
0.72197
0.24392
0.48492
0.63698
0.23466
0.76517
0.94179
0.19845
0.19069
0.06101
0.76701
0.02805
0.43260
0.50008
0.18423
0.58762
0.82167
0.38091
0.34585
0.51992
0.52953
0.45605
0.39582
0.23537
0.24352
0.72988
0.25820
0.31485
0.65227
0.32068
0.48814
0.70982
0.49849
0.13060
0.90018
0.53235
0.03045
0.08571
0.13272
0.90301
0.60378
0.49811
0.23648
0.84391
0.54372
0.09813
0.25316
0.91384
0.61750
0.94008
0.20054
0.39158
0.81527
0.31742
0.96397
0.55581
0.28714
0.20264
0.75745
0.14256
0.37851
0.94949
0.74272
0.57248
0.84170
0.01270
0.69229
0.05750
0.09850
0.54604
0.89914
0.52961
0.43209
0.06727
0.87687
0.85398
0.54834
0.54072
0.69516
0.55632
0.00943
0.98545
0.07704
0.01434
0.18685
0.76503
0.86471
0.81358
0.92583
0.48508
0.60883
0.25678
0.66868
0.99289
0.88782
0.76945
0.38828
0.26131
0.86367
0.41834
0.56485
0.44948
0.23608
0.88314
0.83916
0.16733
0.66068
0.16053
0.47114
0.36642
0.00630
0.33121
0.96901
0.35016
0.15894
0.05337
0.17184
0.10495
0.68313
0.68468
0.29767
0.96558
0.18973
0.22303
0.19436
0.12072
0.76906
0.84343
0.15903
0.10487
0.23192
0.67484
0.29536
0.62717
0.03807
0.86244
0.23177
0.61239
0.29417
0.20583
0.46424
0.73387
0.16387
0.59464
0.00602
0.39307
0.49232
0.79320
0.31774
0.27311
0.42523
0.36848
0.56582
0.34310
0.77935
0.68158
0.95836
0.24290
0.34451
0.63885
0.73963
0.03508
0.37584
0.52546
0.71816
0.28485
0.22525
0.00514
0.97395
0.34161
0.03847
0.04513
0.32828
0.65511
0.54875
0.59015
0.02770
0.50080
0.88016
0.21557
0.98724
0.29175
0.03788
0.25415
0.85936
0.42225
0.10001
0.60239
0.13984
0.71101
0.49522
0.83329
0.56979
0.28680
0.86671
0.51990
0.45798
0.79175
0.91655
0.19658
0.00375
0.80500
0.75043
0.11365
0.43209
0.86796
0.99932
0.21508
0.09820
0.73141
0.53190
0.42758
0.58528
0.92666
0.63160
0.06117
0.76232
0.92987
0.54258
0.51458
0.56224
0.99406
0.01543
0.14213
0.62546
0.43305
0.43324
0.26428
0.92151
0.70948
0.17797
0.90562
0.44961
0.18559
0.08256
0.34673
0.05885
0.23943
0.22001
0.55708
0.71535
0.83314
0.93706
0.10881
0.32062
0.89421
0.85023
0.25128
0.38899
0.22827
0.65579
0.06239
0.86548
0.13065
0.13046
0.37350
0.06014
0.72155
0.17635
0.34562
0.06271
0.09940
0.16480
0.91515
0.04057
0.00485
0.52098
0.54910
0.83582
0.37823
0.57136
0.79027
0.29829
0.75585
0.45241
0.03572
0.50069
0.08209
0.71718
0.11968
0.87831
0.23889
0.76170
0.96318
0.14320
0.93531
0.16108
0.12056
0.62596
0.28655
0.59703
0.68761
0.75731
0.97575
0.83799
0.46880
0.76765
0.28329
0.32281
0.14466
0.82077
0.59961
0.26852
0.88800
0.86618
0.32420
0.04585
0.22850
0.56859
0.45210
0.64356
0.11173
0.74022
0.94113
0.61050
0.92965
0.86048
0.12448
0.72153
0.98583
0.85547
0.98710
0.90119
0.05864
0.46323
0.49396
0.30638
0.12036
0.80803
0.31298
0.54633
0.33022
0.97780
0.31422
0.41801
0.18923
0.15058
0.60000
0.39794
0.07285
0.11446
0.03941
0.93515
0.64827
0.39893
0.56454
0.00860
0.39143
0.16913
0.51893
0.26378
0.57650
0.60882
0.43472
0.09399
0.80578
0.72932
0.72416
0.87519
0.25662
0.06985
0.71981
0.37988
0.71546
0.73786
0.87614
0.89821
0.40497
0.20284
0.84315
0.29041
0.41067
0.92754
0.17862
0.28359
0.36663
0.65928
0.71015
0.07529
0.85604
0.45207
0.63454
0.19932
0.79511
0.20024
0.77127
0.79875
0.59426
0.53792
0.62580
0.94655
0.92205
0.16457
0.54432
0.27009
0.32727
0.95283
0.63337
0.82562
0.72957
0.02486
0.33799
0.75422
0.68466
0.10613
0.71329
0.24705
0.88830
0.81409
0.30558
0.90127
0.02398
0.47731
0.49706
0.17464
0.49482
0.55003
0.51447
0.17989
0.86743
0.63532
0.89523
0.31923
0.72080
0.93485
0.23821
0.59946
0.29266
0.78818
0.63266
0.00203
0.56315
0.70137
0.45119
0.64550
0.42854
0.84980
0.81995
0.46817
0.05999
0.77873
0.63611
0.77610
0.84110
0.43494
0.81220
0.96720
0.55733
0.57251
0.14795
0.37240
0.31244
0.09929
0.25823
0.95892
0.81261
0.30847
0.50837
0.64713
0.83629
0.27407
0.11692
0.96793
0.53053
0.43204
0.43483
0.05012
0.32294
0.35318
0.03984
0.31854
0.67225
0.32551
0.34594
0.44121
0.19346
0.69756
0.15675
0.66600
0.76532
0.42361
0.45094
0.41145
0.74389
0.08411
0.31391
0.99866
0.84025
0.13344
0.70820
0.52338
0.70878
0.81391
0.98482
0.26138
0.09342
0.19323
0.96433
0.64975
0.99257
0.35823
0.06937
0.10342
0.27254
0.76809
0.99085
0.10984
0.70141
0.57128
0.36251
0.39641
0.09033
0.21956
0.47774
0.37148
0.63034
0.27403
0.69955
0.64840
0.80054
0.12837
0.63866
0.77886
0.81406
0.27710
0.37914
0.01137
0.36768
0.92101
0.71812
0.89677
0.39626
0.52778
0.10523
0.52338
0.23312
0.50911
0.36369
0.78837
0.68206
0.70965
0.29052
0.30053
0.11901
0.65472
0.08307
0.31242
0.26532
0.04415
0.60299
0.15968
0.69315
0.43978
0.80702
0.03526
0.41193
0.53991
0.35033
0.58319
0.88049
0.12725
0.23266
0.61542
0.73399
0.27090
0.26790
0.71197
0.70257
0.82801
0.04344
0.86295
0.40210
0.68454
0.49921
0.67020
0.39434
0.21926
0.89810
0.53215
0.84657
0.00469
0.87699
0.42903
0.22414
0.71149
0.78088
0.51802
0.72358
0.88032
0.52157
0.83875
0.56684
0.26582
0.99200
0.79414
0.55004
0.52927
0.16859
0.03685
0.81475
0.85330
0.37062
0.52645
0.23613
0.24820
0.62392
0.97973
0.87167
0.66169
0.40545
0.08265
0.33435
0.21733
0.50857
0.13577
0.67027
0.40964
0.70608
0.72298
0.67480
0.51011
0.15515
0.33750
0.18880
0.54338
0.72739
0.61082
0.82425
0.64479
0.15615
0.80658
0.42411
0.83629
0.76024
0.03051
0.16692
0.82789
0.53474
0.68195
0.51514
0.73232
0.88354
0.60232
0.65521
0.44433
0.52642
0.63428
0.80714
0.44015
0.36843
0.12509
0.09561
0.88594
0.13557
0.22706
0.34378
0.48897
0.26229
0.84557
0.66604
0.05324
0.00006
0.00858
0.83702
0.37407
0.53736
0.30690
0.91504
0.00392
0.19784
0.87572
0.06455
0.89338
0.56811
0.57364
0.22871
0.54922
0.06364
0.17731
0.98936
0.47507
0.20676
0.35291
0.04199
0.90405
0.16223
0.81562
0.49095
0.09023
0.56450
0.26983
0.49983
0.09249
0.13137
0.26381
0.42584
0.43902
0.06295
0.03981
0.84020
0.05628
0.93029
0.77265
0.62042
0.35850
0.90848
0.52813
0.31049
0.74677
0.14220
0.67184
0.75557
0.71475
0.05383
0.49628
0.84363
0.32739
0.62324
0.79368
0.57023
0.18317
0.56934
0.11875
0.96414
0.82112
0.44956
0.55219
0.34697
0.42777
0.50919
0.60891
0.55466
0.57135
0.86850
0.69726
0.57502
0.83458
0.47987
0.42079
0.50263
0.98810
0.06136
0.01129
0.33948
0.37530
0.22009
0.75407
0.67353
0.46604
0.60275
0.16693
0.60401
0.15032
0.20586
0.88368
0.09772
0.31305
0.81490
0.29523
0.88583
0.98195
0.24949
0.89209
0.40495
0.80162
0.69553
0.65782
0.97744
0.05941
