0.72852
0.73132
0.87321
0.31680
0.72815
0.17521
0.08309
0.78823
0.32644
0.08056
0.97203
0.49361
0.48249
0.07023
0.31486
0.26636
0.48469
0.13499
0.18446
0.43783
0.32790
0.98957
0.75603
0.78740
0.67707
0.31774
0.68794
0.24193
0.75307
0.05794
0.03995
0.27778
0.11217
0.14869
0.48412
0.21583
0.65463
0.83460
0.07642
0.26905
0.99277
0.47830
0.89963
0.96863
0.91954
0.19116
0.45800
0.78662
0.19508
0.23910
0.78436
0.52115
0.02172
0.75704
0.72951
0.35677
0.17994
0.19801
0.34039
0.52200
0.40519
0.97938
0.09520
0.66647
0.97999
0.87313
0.48496
0.01726
0.02107
0.43254
0.45462
0.31540
0.15668
0.06556
0.27050
0.19167
0.02474
0.68277
0.82810
0.38484
0.47743
0.32721
0.51126
0.53653
0.78396
0.86182
0.14805
0.30811
0.47021
0.44132
0.40526
0.44114
0.83541
0.51418
0.77036
0.38121
0.98034
0.89513
0.99549
0.10399
0.33895
0.92346
0.07228
0.32603
0.48245
0.98285
0.81392
0.47405
0.30025
0.29821
0.15443
0.35743
0.89701
0.65261
0.32516
0.20532
0.79994
0.22623
0.63459
0.56113
0.87594
0.80420
0.33122
0.73201
0.96144
0.54030
0.54076
0.91470
0.59784
0.01655
0.16889
0.01590
0.74219
0.03820
0.13390
0.67742
0.57427
0.53861
0.96401
0.37141
0.49414
0.84809
0.39626
0.44306
0.25822
0.53167
0.72411
0.08664
0.16002
0.09452
0.84561
0.12540
0.47481
0.70861
0.36940
0.27443
0.38434
0.04341
0.19647
0.22635
0.06614
0.55336
0.74502
0.59321
0.98473
0.29418
0.45382
0.75606
0.50851
0.03958
0.81138
0.22158
0.00039
0.55690
0.76976
0.22099
0.13820
0.23364
0.72149
0.41454
0.92909
0.91822
0.55236
0.93102
0.65456
0.28689
0.66565
0.62026
0.52440
0.96100
0.44560
0.98601
0.66281
0.59812
0.04854
0.61558
0.04678
0.62131
0.55831
0.92758
0.79565
0.31647
0.07515
0.17767
0.91601
0.51310
0.81692
0.84605
0.39120
0.11942
0.46687
0.05075
0.20517
0.93719
0.44364
0.45043
0.41188
0.56759
0.88990
0.69621
0.76767
0.61728
0.82574
0.87066
0.78962
0.53319
0.92422
0.30451
0.91223
0.03003
0.20655
0.20974
0.18653
0.72018
0.01784
0.84265
0.07457
0.50258
0.15327
0.21417
0.57530
0.70640
0.82767
0.15689
0.77018
0.94694
0.24395
0.65722
0.51504
0.08980
0.65811
0.80728
0.47021
0.18139
0.90527
0.73252
0.25689
0.94072
0.76314
0.96536
0.12571
0.31689
0.17543
0.49431
0.81269
0.22013
0.06026
0.11754
0.86733
0.30992
0.07294
0.50713
0.60585
0.64706
0.03247
0.62633
0.28764
0.36469
0.33963
0.43489
0.07135
0.66496
0.78469
0.27424
0.92596
0.29749
0.84195
0.39558
0.74027
0.01079
0.70930
0.39783
0.00408
0.84947
0.54865
0.44296
0.41331
0.40298
0.40579
0.74558
0.16099
0.97658
0.43078
0.22928
0.64671
0.55880
0.24529
0.00668
0.98594
0.90560
0.40799
0.88831
0.74144
0.63295
0.14646
0.04232
0.17446
0.98239
0.52959
0.18992
0.62880
0.84990
0.53733
0.71951
0.92545
0.98808
0.54968
0.58331
0.40998
0.99438
0.19291
0.58253
0.67966
0.92951
0.00760
0.17642
0.68617
0.39761
0.05256
0.35417
0.99367
0.50106
0.78909
0.03379
0.79850
0.95470
0.85918
0.30951
0.79100
0.09344
0.48472
0.04272
0.50749
0.30196
0.52437
0.72627
0.93909
0.48889
0.58231
0.34936
0.08627
0.31749
0.18953
0.82935
0.33994
0.71552
0.45099
0.36567
0.43303
0.46562
0.77815
0.47188
0.68253
0.20874
0.13795
0.12607
0.17834
0.16588
0.55125
0.90303
0.59784
0.05142
0.79162
0.06794
0.40761
0.18389
0.63892
0.38618
0.99884
0.08910
0.86058
0.18160
0.00085
0.08761
0.01866
0.17949
0.14786
0.98169
0.65251
0.91345
0.95647
0.74445
0.76648
0.27905
0.86353
0.96512
0.57941
0.74129
0.33066
0.70798
0.13641
0.34979
0.42364
0.60172
0.68434
0.30102
0.39144
0.23942
0.92170
0.00838
0.89618
0.87241
0.81317
0.07365
0.20927
0.52022
0.74711
0.74917
0.94737
0.52710
0.43021
0.69529
0.81539
0.38322
0.87289
0.70083
0.73994
0.71922
0.76937
0.73650
0.43566
0.28878
0.55993
0.16557
0.89067
0.08853
0.97592
0.43992
0.74177
0.32237
0.26106
0.73982
0.46581
0.56577
0.79299
0.13677
0.46922
0.98044
0.05947
0.40344
0.61529
0.45226
0.09202
0.67880
0.91129
0.32943
0.46218
0.03602
0.94101
0.77942
0.23444
0.21965
0.81178
0.30823
0.17108
0.37322
0.61771
0.17527
0.78530
0.49797
0.46809
0.03576
0.05630
0.38870
0.03742
0.05645
0.39090
0.96761
0.11025
0.93202
0.32723
0.89108
0.12319
0.74253
0.49831
0.35754
0.44891
0.88742
0.33596
0.10390
0.38370
0.57052
0.83155
0.63603
0.57007
0.46272
0.71427
0.87741
0.84794
0.93544
0.00734
0.89424
0.98140
0.18587
0.58069
0.07245
0.34946
0.85338
0.04491
0.69865
0.25118
0.69220
0.46299
0.48309
0.93807
0.21752
0.56867
0.67369
0.93033
0.79721
0.32322
0.32962
0.23081
0.03524
0.75936
0.38590
0.92584
0.21383
0.94074
0.26506
0.58336
0.41094
0.58437
0.81333
0.33642
0.94236
0.73821
0.43069
0.94775
0.90020
0.59570
0.16349
0.93776
0.26188
0.58955
0.23151
0.05157
0.92752
0.17422
0.83582
0.47374
0.24051
0.26210
0.30024
0.30717
0.36697
0.77052
0.40694
0.50642
0.57216
0.46666
0.38386
0.93099
0.87070
0.69311
0.49174
0.72139
0.99362
0.28850
0.41263
0.23038
0.59409
0.36238
0.95847
0.71680
0.36260
0.07419
0.08884
0.53289
0.35370
0.25375
0.98606
0.18252
0.51832
0.47896
0.17503
0.88000
0.41405
0.71601
0.72214
0.14444
0.81618
0.69285
0.91983
0.74243
0.57905
0.45329
0.49268
0.56565
0.45052
0.76967
0.53405
0.62212
0.34491
0.05289
0.40573
0.99913
0.23038
0.27384
0.59757
0.03777
0.92272
0.27961
0.09557
0.22875
0.87386
0.54980
0.34821
0.65866
0.48975
0.51536
0.76572
0.53186
0.50853
0.42523
0.41132
0.28551
0.28552
0.94239
0.97309
0.39430
0.76176
0.54989
0.48066
0.77673
0.01196
0.83571
0.81450
0.63277
0.82546
0.96212
0.74518
0.52849
0.25287
0.71531
0.43296
0.13985
0.26538
0.34163
0.45774
0.31855
0.52017
0.56797
0.44979
0.34372
0.07957
0.05463
0.56748
0.20050
0.17361
0.35615
0.82163
0.94647
0.26534
0.69134
0.43895
0.05267
0.76900
0.68018
0.78093
0.30238
0.46262
0.18559
0.16961
0.81756
0.78054
0.71137
0.92424
0.30646
0.37898
0.16056
0.07383
0.61610
0.68336
0.00684
0.18290
0.89603
0.88416
0.02052
0.69474
0.51294
0.51048
0.08694
0.94390
0.57895
0.20214
0.62012
0.45370
0.62604
0.61487
0.30125
0.56251
0.39934
0.13803
0.79647
0.02943
0.03592
0.45438
0.62627
0.43533
0.78626
0.52792
0.07781
0.83427
0.42843
0.54410
0.02807
0.33796
0.84791
0.18247
0.47870
0.16417
0.11480
0.93412
0.85364
0.41408
0.39623
0.54166
0.59616
0.43515
0.80576
0.66694
0.16968
0.68592
0.48741
0.41717
0.90366
0.71369
0.83278
0.57244
0.64051
0.47289
0.00887
0.39310
0.69756
0.73894
0.28433
0.45841
0.83638
0.52966
0.94041
0.71574
0.00470
0.98145
0.41313
0.95038
0.73490
0.78789
0.91165
0.04301
0.66664
0.68715
0.65277
0.89879
0.94948
0.54907
0.75659
0.17672
0.67674
0.47175
0.22104
0.06305
0.82312
0.44000
0.41940
0.98307
0.72584
0.98674
0.69151
0.63292
0.87534
0.99734
0.69144
0.10350
0.69075
0.24549
0.40577
0.45941
0.84313
0.45018
0.32957
0.40648
0.29624
0.96609
0.73704
0.49418
0.69603
0.66586
0.85290
0.95341
0.18297
0.77500
0.77044
0.95952
0.21005
0.17294
0.96214
0.63066
0.87797
0.82336
0.33640
0.12881
0.01398
0.87183
0.46315
0.16022
0.38798
0.44303
0.98104
0.17818
0.08270
0.27377
0.28720
0.44279
0.72386
0.69795
0.60661
0.52539
0.69243
0.66133
0.84832
0.25048
0.13732
0.85886
0.26920
0.04597
0.08373
0.39750
0.04198
0.65171
0.80250
0.36048
0.71178
0.60859
0.02852
0.21938
0.82569
0.09635
0.12419
0.29774
0.56204
0.84021
0.67694
0.08934
0.90764
0.96332
0.61758
0.81212
0.62106
0.50409
0.69565
0.82003
0.25967
0.54747
0.74644
0.60865
0.43758
0.23558
0.28539
0.71749
0.04468
0.30021
0.15490
0.76711
0.50484
0.79357
0.51239
0.13202
0.75615
0.26357
0.14635
0.73143
0.48110
0.54654
0.71212
0.36097
0.74365
0.00497
0.66985
0.66884
0.71744
0.11217
0.29137
0.09900
0.16837
0.81635
0.00559
0.31683
0.37254
0.52028
0.11977
0.50522
0.23449
0.49961
0.69379
0.75583
0.28600
0.30062
0.88781
0.69063
0.79295
0.18630
0.42378
0.84533
0.58988
0.93908
0.19610
0.81733
0.60249
0.27322
0.42438
0.34179
0.37329
0.27292
0.57548
0.50824
0.21447
0.23848
0.19493
0.31874
0.87306
0.28495
0.57764
0.22527
0.37842
0.87955
0.82400
0.45222
0.54850
0.59549
0.86876
0.49515
0.62763
0.57589
0.08491
0.67466
0.31962
0.57238
0.44968
0.22119
0.91421
0.32816
0.95072
0.14729
0.29747
0.73392
0.98258
0.62211
0.97283
0.87280
0.40993
0.12230
0.81158
0.20766
0.28891
0.55149
0.05144
0.00408
0.27529
0.80832
0.36365
0.64996
0.17493
0.04429
0.65804
0.61823
0.94647
0.28337
0.50063
0.56465
0.54819
0.03715
0.85989
0.69028
0.61086
0.89720
0.36957
0.84793
0.97281
0.72687
0.73151
0.04873
0.31408
0.36929
0.09843
0.03659
0.57622
0.61275
0.49851
0.96767
0.65333
0.14404
0.35639
0.29074
0.59246
0.58108
0.42876
0.77781
0.56507
0.93095
0.45987
0.98241
0.60892
0.92716
0.77212
0.05151
0.50677
0.91374
0.31040
0.06116
0.79976
0.64761
0.50738
0.61444
0.76697
0.45318
0.70538
0.57596
0.96993
0.21102
0.48127
0.17669
0.32563
0.62734
0.65508
0.38210
0.03873
0.13205
0.30923
0.03185
0.74379
0.53980
0.86967
0.47619
0.35843
0.95862
0.86509
0.59311
0.92829
0.46562
0.53877
0.42009
0.52749
0.24303
0.36253
0.78229
0.07804
0.00808
0.33183
0.42364
0.23284
0.91195
0.21617
0.30560
0.10561
0.20080
0.24957
0.22398
0.15541
0.09001
0.43145
0.78811
0.91538
0.48019
0.59702
0.07503
0.59793
0.06728
0.69645
0.94116
0.90086
0.54752
0.90017
0.07280
0.37661
0.92413
0.58056
0.84433
0.88042
0.31062
0.15027
0.35868
0.84580
0.83386
0.88853
0.68023
0.41118
0.05131
0.60165
0.55368
0.00780
0.29804
0.16756
0.66540
0.31794
0.83956
0.01938
0.02390
0.68199
0.29692
0.10351
0.41948
0.57825
0.07263
0.00448
0.67180
0.56037
0.75207
0.71001
0.70515
0.54504
0.31552
0.11637
0.54912
0.19934
0.97958
0.04901
0.10288
0.53453
0.44716
0.85906
0.02923
0.17028
0.10034
0.99737
0.06193
0.76587
0.55686
0.31866
0.84560
0.81082
0.19806
0.69312
0.04570
0.29590
0.02787
0.09776
0.60697
0.64586
0.16340
0.35611
0.09250
0.56839
0.99308
0.57006
0.70322
0.40783
0.95078
0.21167
0.37603
0.72851
0.82875
0.10943
0.03450
0.05132
0.54954
0.52189
0.85136
0.61788
0.97562
0.88764
0.52302
0.48751
0.09599
0.44873
0.18944
0.15264
0.76202
0.19690
0.82008
0.74447
0.60181
0.54423
0.00429
0.67200
0.69801
0.28691
0.05484
0.25815
0.15719
0.75991
0.01972
0.39862
0.77955
0.33821
0.37692
0.17275
0.03106
0.57486
0.02834
0.03904
0.77209
0.01277
0.68569
0.77504
0.21831
0.51230
0.07224
0.45025
0.25759
0.13732
0.06413
0.19298
0.68061
0.35943
0.13965
0.87435
0.58193
0.09654
0.77250
0.56186
0.32914
0.19197
0.87394
0.86694
0.97880
0.67233
0.67431
0.83559
0.06984
0.53645
0.91651
0.00596
0.22287
0.33413
0.65586
0.81404
0.42313
0.20163
0.05336
0.77220
0.03568
0.48448
0.11171
0.09893
0.74436
0.36010
0.27405
0.91272
0.00246
0.96925
0.28912
0.34712
0.28647
0.74818
0.09309
0.71131
0.25834
0.07469
0.36865
0.27640
0.10026
0.92572
0.17090
0.03924
0.54314
0.17858
0.91174
0.75284
0.41081
0.13215
0.55646
0.19750
0.30991
0.31781
0.23231
0.46859
0.53353
0.32099
0.69759
0.67873
0.38390
0.11970
0.93458
0.78298
0.39834
0.22768
0.44600
0.47070
0.28034
0.45284
0.56936
0.79965
0.59891
0.32993
0.14979
0.39535
0.48862
0.99444
0.53584
0.62124
0.72140
0.15588
0.11225
0.80191
0.99450
0.91362
0.26964
0.52832
0.22870
0.82697
0.46003
0.54817
0.75186
0.45979
0.17684
0.27232
0.15128
0.14962
0.56750
0.73969
0.43624
0.47494
0.44910
0.46894
0.11074
0.45065
0.43295
0.29407
0.97806
0.32212
0.98649
0.18705
0.42549
0.64207
0.37320
0.04072
0.39092
0.48223
0.91092
0.32664
0.57186
0.31518
0.87832
0.05103
0.96940
0.38377
0.38560
0.03770
0.43801
0.65223
0.66695
0.78702
0.53285
0.95281
0.52726
0.23628
0.02200
0.43459
0.54562
0.91307
0.65094
0.09588
0.43607
0.88359
0.94258
0.97368
0.33106
0.08985
0.73975
0.22366
0.49005
0.31614
0.76192
0.51144
0.53457
0.49450
0.84195
0.39147
0.81535
0.28175
0.78807
0.67211
0.97186
0.10582
0.98669
0.31076
0.85453
0.07036
0.20566
