0.05
0.30
0.88
0.51
0.40
0.95
0.39
0.74
0.66
0.53
0.86
0.93
0.91
0.75
0.40
0.05
0.75
0.73
0.10
0.73
0.42
0.86
0.03
0.12
0.93
0.30
0.71
0.78
0.82
0.44
0.53
0.83
0.08
0.69
0.24
0.10
0.42
0.35
0.48
0.84
0.75
0.78
0.35
0.68
0.34
0.70
0.99
0.12
0.18
0.31
0.54
0.84
0.59
0.27
0.89
0.26
0.47
0.07
0.12
0.05
0.26
0.15
0.15
0.15
0.71
0.69
0.70
0.94
0.34
0.70
0.09
0.40
0.77
0.58
0.79
0.65
0.51
0.86
0.35
0.34
0.71
0.79
0.36
0.24
0.45
0.28
0.58
0.21
0.69
0.74
0.71
0.96
0.56
0.50
0.70
0.83
0.11
0.63
0.45
0.78
0.90
0.75
0.73
0.95
0.08
0.37
0.93
0.06
0.04
0.72
0.98
0.44
0.92
0.24
0.18
0.71
0.54
0.96
0.24
0.63
0.35
0.65
0.65
0.88
0.19
0.11
0.18
0.95
0.69
0.53
0.54
0.17
0.52
0.92
0.11
0.76
0.08
0.74
0.78
0.10
0.98
0.43
0.16
0.48
0.43
0.36
0.83
0.70
0.56
0.25
0.07
0.97
0.64
0.42
0.32
0.60
0.32
0.11
0.23
0.65
0.76
0.01
0.74
0.71
0.57
0.17
0.92
0.58
0.26
0.42
0.99
0.06
0.84
0.98
0.56
0.37
0.72
0.56
0.52
0.85
0.51
0.28
0.70
0.96
0.36
0.61
0.06
0.62
0.70
0.60
0.65
0.65
0.71
0.69
0.49
0.65
0.09
0.74
0.94
0.61
