0.0499791693
0.2955202067
0.7707388789
0.4881772469
0.3894183423
0.8134155048
0.3801884151
0.6742879116
0.6131168520
0.5055333412
0.7578425629
0.8016199409
0.7895037397
0.6816387600
0.3894183423
0.0499791693
0.6816387600
0.6668696350
0.0998334166
0.6668696350
0.4077604531
0.7578425629
0.0299955002
0.1197122073
0.8016199409
0.2955202067
0.6518337710
0.7032794192
0.7311458297
0.4259394651
0.5055333412
0.7379313711
0.0799146940
0.6365371822
0.2377026264
0.0998334166
0.4077604531
0.3428978075
0.4617791755
0.7446431200
0.6816387600
0.7032794192
0.3428978075
0.6287930240
0.3334870921
0.6442176872
0.8360259786
0.1197122073
0.1790295734
0.3050586364
0.5141359917
0.7446431200
0.5563610229
0.2667314367
0.7770717475
0.2570805519
0.4528862854
0.0699428473
0.1197122073
0.0499791693
0.2570805519
0.1494381325
0.1494381325
0.1494381325
0.6518337710
0.6365371822
0.6442176872
0.8075581004
0.3334870921
0.6442176872
0.0898785492
0.3894183423
0.6961352386
0.5480239368
0.7103532724
0.6051864057
0.4881772469
0.7578425629
0.3428978075
0.3334870921
0.6518337710
0.7103532724
0.3522742333
0.2377026264
0.4349655341
0.2763556486
0.5480239368
0.2084598998
0.6365371822
0.6742879116
0.6518337710
0.8191915683
0.5311861979
0.4794255386
0.6442176872
0.7379313711
0.1097783008
0.5891447579
0.4349655341
0.7032794192
0.7833269096
0.6816387600
0.6668696350
0.8134155048
0.0799146940
0.3616154320
0.8016199409
0.0599640065
0.0399893342
0.6593846720
0.8304973705
0.4259394651
0.7956016200
0.2377026264
0.1790295734
0.6518337710
0.5141359917
0.8191915683
0.2377026264
0.5891447579
0.3428978075
0.6051864057
0.6051864057
0.7707388789
0.1888588950
0.1097783008
0.1790295734
0.8134155048
0.6365371822
0.5055333412
0.5141359917
0.1691823491
0.4968801378
0.7956016200
0.1097783008
0.6889214451
0.0799146940
0.6742879116
0.7032794192
0.0998334166
0.8304973705
0.4168708024
0.1593182066
0.4617791755
0.4168708024
0.3522742333
0.7379313711
0.6442176872
0.5311861979
0.2474039593
0.0699428473
0.8248857133
0.5971954414
0.4077604531
0.3145665606
0.5646424734
0.3145665606
0.1097783008
0.2279775235
0.6051864057
0.6889214451
0.0099998333
0.6742879116
0.6518337710
0.5396320487
0.1691823491
0.7956016200
0.5480239368
0.2570805519
0.4077604531
0.8360259786
0.0599640065
0.7446431200
0.8304973705
0.5311861979
0.3616154320
0.6593846720
0.5311861979
0.4968801378
0.7512804051
0.4881772469
0.2763556486
0.6442176872
0.8191915683
0.3522742333
0.5728674601
0.0599640065
0.5810351605
0.6442176872
0.5646424734
0.6051864057
0.6051864057
0.6518337710
0.6365371822
0.4706258882
0.6051864057
0.0898785492
0.6742879116
0.8075581004
0.5728674601
